5555555555555555555
0000000000000000005
0000000000000000005
0000000000000000005
0000000000000000005
0000000000000000005
0000000000000000005
0000000000000000005
0000000000000000005
0000000000000000005
0000000000000000005
0000000000000000005
0000000000000000005
0000000000000000005
0000000000000000005
0000000000000000005
0000000000000000005
0000000000000000005
0000000000000000005
0000000000000000005
0000000000000000005
0000000000000000005
0000000000000000005
0000000000000000005
0000000000000000005
0000000000000000005
0000000000000000005
5555555555555555555
